(1, (0, (4, None, (4, (1, (2, None)), (0, None)))))
(0, (1, (2, (4, None, (2, (4, (1, None), (0, None)))))))
(4, (0, (4, (1, None), (0, None))), (1, (2, None)))
(0, (1, (2, (4, (1, None), (0, (3, None, (0, None)))))))
(4, (0, None), (1, (2, (4, (1, None), (0, None)))))
(1, (0, (4, (1, None), (0, (3, None, (0, None))))))
(0, (1, (2, (4, None, (4, (1, (2, None)), (0, None))))))
(4, (0, (1, (4, None, (2, None)))), (0, (1, None)))
(3, (0, (1, (4, None, (2, None)))), (0, (1, None)))
(0, (1, (4, None, (2, (4, (1, None), (0, None))))))
(1, (0, (4, None, (2, (4, (1, None), (0, None))))))
(1, (0, (2, (4, None, (2, (4, (1, None), (0, None)))))))
