(0, (1, (2, (4, (4, (1, None), (0, (2, None))), None))))
(4, (0, (2, None)), (1, (4, (1, None), (0, None))))
(1, (0, (4, (2, None), (4, (1, None), (0, None)))))
(0, (1, (4, (4, (1, None), (0, (2, None))), None)))
(1, (0, (4, (1, None), (0, (2, (3, None, (1, None)))))))
(3, (0, (1, (4, (2, None), None))), (0, (1, None)))
(1, (0, (2, (4, (4, (1, None), (0, (2, None))), None))))
(0, (1, (2, (4, (2, None), (4, (1, None), (0, None))))))
(4, (0, (2, (4, (1, None), (0, None)))), (1, None))
(1, (0, (4, (4, (1, None), (0, (2, None))), None)))
(0, (1, (2, (4, (1, None), (0, (2, (3, None, (1, None))))))))
(4, (0, (1, (4, (2, None), None))), (0, (1, None)))
