(3, (1, None), (0, (1, (4, (1, None), (0, None)))))
(1, (3, None, (0, (1, (4, (1, None), (0, None))))))
(2, (0, (2, (4, (1, None), (0, (4, (1, None), (0, None)))))))
(3, (0, (1, (4, (1, None), (0, None)))), (1, None))
(1, (4, (1, None), (0, (2, (4, (1, None), (0, None))))))
(4, (1, (4, (1, None), (0, None))), (0, (1, None)))
(1, (4, (1, None), (0, (4, (1, None), (0, None)))))
(4, (1, None), (0, (1, (4, (1, None), (0, None)))))
(3, (1, (4, (1, None), (0, None))), (0, (1, None)))
(3, (0, (1, None)), (1, (4, (1, None), (0, None))))
